5
4 6 
A 
B 
C 
D 
A B 
A C 
A D 
B C 
B D 
C D 
6 7 
A
B 
C 
D 
E 
F 
A B 
A C 
A D 
B C 
B D 
C D 
D E 
6 12
A
B
C
D
E
F
A D
A E
A F
B C
B D
B E
C D
C E
C F
D E
D F
E F
10 25 
AAAAAAAAAA 
BBBBBBBBBB 
CCCCCCCCCC
DDDDDDDDDD
EEEEEEEEEE 
FFFFFFFFFF 
GGGGGGGGGG 
HHHHHHHHHH 
IIIIIIIIII 
JJJJJJJJJJ 
FFFFFFFFFF IIIIIIIIII 
AAAAAAAAAA HHHHHHHHHH 
AAAAAAAAAA FFFFFFFFFF 
HHHHHHHHHH EEEEEEEEEE 
IIIIIIIIII EEEEEEEEEE 
JJJJJJJJJJ AAAAAAAAAA 
JJJJJJJJJJ IIIIIIIIII 
BBBBBBBBBB FFFFFFFFFF 
BBBBBBBBBB GGGGGGGGGG 
JJJJJJJJJJ EEEEEEEEEE 
CCCCCCCCCC BBBBBBBBBB 
EEEEEEEEEE FFFFFFFFFF 
AAAAAAAAAA BBBBBBBBBB 
HHHHHHHHHH GGGGGGGGGG 
EEEEEEEEEE DDDDDDDDDD 
AAAAAAAAAA IIIIIIIIII 
HHHHHHHHHH FFFFFFFFFF 
BBBBBBBBBB EEEEEEEEEE 
GGGGGGGGGG FFFFFFFFFF 
CCCCCCCCCC HHHHHHHHHH 
GGGGGGGGGG CCCCCCCCCC 
CCCCCCCCCC DDDDDDDDDD 
FFFFFFFFFF CCCCCCCCCC 
IIIIIIIIII BBBBBBBBBB 
JJJJJJJJJJ CCCCCCCCCC 
50 400 
1
2
3
4
5
6 
7 
8 
9 
10 
11 
12 
13 
14 
15 
16 
17 
18 
19 
20 
21 
22 
23 
24 
25 
26 
27 
28 
29 
30 
31 
32 
33 
34 
35 
36 
37 
38 
39 
40 
41 
42 
43 
44 
45 
46 
47 
48 
49 
50 
10 8 
16 31 
44 37 
48 15 
20 19 
34 1 
1 31 
31 28 
37 23 
22 47 
28 5 
49 16 
15 30 
9 21 
30 47 
1 21 
22 13 
20 27 
43 9 
47 37 
21 42 
6 26 
2 10 
37 28 
21 41 
11 42 
23 42 
20 8 
46 41 
13 8 
45 34 
35 33 
10 41 
12 42 
50 20 
13 5 
49 38 
2 13 
40 28 
27 21 
10 26 
42 14 
24 41 
28 2 
39 48 
33 29 
25 42 
33 42 
10 30 
43 46 
10 35 
10 38 
15 23 
18 36 
24 6 
22 28 
10 44 
28 26 
20 4 
24 12 
15 46 
23 36 
18 24 
47 23 
33 8 
3 40 
36 33 
12 41 
30 50 
6 25 
45 29 
21 15 
33 11 
1 32 
45 10 
26 44 
24 32 
22 5 
32 26 
40 9 
8 42 
48 26 
18 26 
23 30 
11 16 
4 21 
20 5 
50 24 
31 42 
3 2 
46 6 
3 21 
30 9 
31 46 
24 31 
7 1 
22 17 
22 45 
39 42 
42 20 
40 16 
27 10 
33 44 
5 10 
32 43 
47 20 
18 2 
50 46 
18 29 
30 13 
13 26 
36 46 
16 33 
20 39 
40 12 
17 43 
34 42 
12 1 
38 48 
4 43 
17 32 
23 12 
6 29 
49 29 
14 23 
46 45 
33 2 
12 35 
12 22 
34 22 
28 35 
22 15 
20 43 
13 39 
7 21 
6 44 
15 13 
40 10 
45 44 
20 46 
49 36 
22 30 
9 28 
40 38 
21 36 
43 34 
18 40 
43 48 
9 49 
46 32 
5 49 
2 41 
42 7 
5 23 
38 20 
26 30 
18 4 
33 41 
6 49 
30 43 
47 49 
45 7 
43 35 
50 42 
18 6 
43 23 
50 33 
32 5 
32 9 
46 14 
11 13 
22 19 
35 48 
26 23 
33 31 
41 6 
22 41 
45 1 
43 5 
4 46 
48 49 
19 24 
46 37 
6 35 
21 18 
24 14 
29 21 
32 35 
3 45 
23 11 
19 32 
29 43 
34 21 
35 49 
24 28 
45 19 
8 40 
6 22 
10 19 
39 24 
18 14 
21 13 
25 44 
48 42 
46 10 
22 11 
16 30 
11 2 
32 36 
1 50 
47 46 
2 6 
7 30 
1 38 
27 48 
28 15 
45 39 
9 42 
11 18 
24 35 
42 4 
1 15 
37 21 
3 1 
49 14 
44 19 
21 25 
18 17 
17 21 
50 43 
48 6 
49 17 
45 15 
3 30 
3 10 
34 47 
2 26 
48 5 
46 9 
10 24 
41 43 
47 7 
25 20 
28 19 
45 40 
44 17 
25 23 
10 11 
14 16 
47 38 
44 28 
11 12 
7 10 
19 12 
48 14 
11 44 
50 16 
22 37 
48 28 
39 49 
28 20 
25 47 
7 23 
14 40 
2 39 
40 32 
14 6 
47 32 
31 23 
18 31 
38 44 
24 17 
35 18 
19 16 
47 8 
12 5 
4 13 
48 29 
45 43 
14 10 
45 49 
25 45 
46 29 
42 45 
36 12 
3 16 
18 50 
25 46 
12 49 
13 44 
7 22 
23 35 
28 36 
9 22 
27 42 
16 2 
24 20 
21 10 
1 35 
16 5 
20 9 
47 15 
21 32 
13 12 
44 29 
30 28 
13 20 
32 37 
20 36 
6 7 
28 41 
35 42 
29 2 
45 37 
5 40 
17 12 
44 27 
28 49 
17 47 
18 1 
30 17 
42 24 
6 4 
44 3 
32 28 
30 46 
29 28 
46 19 
49 33 
41 47 
41 49 
8 2 
13 45 
47 35 
10 50 
3 12 
12 10 
17 46 
48 50 
17 16 
1 22 
20 3 
44 15 
28 34 
20 7 
7 33 
42 3 
31 13 
17 1 
11 21 
30 27 
30 41 
8 46 
46 1 
4 1 
26 12 
48 36 
50 6 
4 32 
24 30 
33 28 
38 16 
12 50 
16 41 
14 20 
18 39 
19 6 
28 27 
16 29 
34 13 
48 31 
23 28 
2 7 
27 18 
49 10 
35 16 
7 32 
11 43 
41 20 
18 16 
49 20 
14 22 
17 40 
43 2 
6 27 
4 49 
24 25 
25 40 
1 14 
32 3 
28 7 
24 11 
47 45 
44 12 
9 24 
28 46 
22 29 
14 44 
20 37 
45 21 
